   242.71   621.00
   199.76   679.89
   222.62   678.51
   275.97   679.20
   300.22   679.20
   157.49   733.94
   181.05   733.94
   203.91   732.55
   226.08   733.24
   250.33   733.24
   273.20   731.86
   296.75   731.86
   109.69   795.60
   140.17   796.29
   172.73   796.98
   209.46   794.91
   258.65   794.91
   282.90   794.91
   122.16   844.79
   147.10   844.10
   169.27   845.48
   251.03   922.39
   273.89   922.39
   305.07   922.39
   328.62   921.00
   351.49   922.39
   381.97   921.00
   225.39   972.27
   250.33   972.96
   273.20   972.27
   295.37   972.27
   320.31   970.89
   343.87   972.27
   424.23   970.19
   448.48   970.19
   473.43   969.50
   495.60   969.50
   521.92   969.50
   544.10   969.50

