    828.16    427.01
    873.19    424.93
    904.37    425.62
    933.47    424.93
    966.03    424.93
   1141.32    437.40
   1164.19    437.40
   1188.43    438.09
    907.84    508.76
    930.01    508.76
    954.26    509.46
    977.81    510.15
   1087.28    493.52
   1114.99    494.91
   1138.55    494.21
   1162.80    494.21
   1186.36    493.52
    813.61    596.75
    837.86    595.37
    884.97    596.75
    906.45    593.98
    929.31    596.06
    952.87    596.06
    975.73    595.37
   1085.89    542.71
   1118.46    543.41
   1146.17    543.41
   1169.04    543.41
   1192.59    544.79
   1221.00    546.18
   1243.17    544.10
   1273.65    546.18
   1307.60    546.18
   1342.94    546.87
   1379.66    546.18
    811.53    669.50
    833.70    668.81
    858.64    668.12
    881.51    668.12
    903.68    669.50
    927.23    668.12
    952.18    668.81
    973.65    668.12
   1020.08    684.74
   1046.40    684.74
   1074.81    685.44
   1101.83    687.52
   1124.00    687.52
    811.53    743.64
    834.39    741.56
    857.26    742.25
    880.12    743.64
    903.68    742.25
    925.85    741.56
    949.41    743.64
    972.96    743.64
   1012.45    743.64
   1036.01    742.94
   1062.34    744.33
   1087.28    742.94
   1111.53    744.33
   1137.16    745.02
   1164.88    745.02
   1187.74    744.33
   1217.53    745.71
   1243.17    748.49
   1266.73    747.10
   1294.44    750.56
   1229.31    801.14
   1250.79    799.76
   1336.70    923.77
   1360.26    923.77

