   1576.42    613.38
   1598.59    611.30
   1621.46    610.61
   1575.04    661.88
   1597.90    661.88
   1621.46    661.88
   1574.35    730.47
   1596.52    729.78
   1619.38    731.16
   1642.94    731.16
   1668.57    730.47
   1694.21    731.86
   1714.30    731.86
   1449.63    806.68
   1472.50    806.68
   1496.05    806.68
   1540.40    808.76
   1568.11    806.68
   1592.36    807.38
   1617.30    806.68
   1641.55    808.76
   1668.57    808.07
   1693.51    808.76
   1714.99    808.76
   1449.63    863.50
   1473.19    862.80
   1494.67    863.50
   1530.00    862.11
   1551.48    863.50
   1571.57    864.88
   1602.06    864.19
   1642.24    865.57
   1672.04    864.88
   1693.51    865.57
   1772.50    865.57
   1807.83    866.27
   1844.55    866.96
   1447.56    920.31
   1471.81    918.92
   1584.04    922.39
   1613.84    922.39
   1640.16    922.39
   1664.41    923.77
   1687.97    923.08
   1709.45    923.77
   1771.80    925.16
   1795.36    925.16
   1818.92    925.16
   1841.78    925.85
   1446.86    977.12
   1471.11    977.12
   1584.04    978.51
   1608.29    978.51
   1631.85    978.51
   1656.10    978.51
   1678.96    979.89
   1703.21    981.28
   1772.50    979.20
   1796.75    981.28
   1819.61    981.28
   1842.47    981.97

