    901.38    466.59
    925.08    465.90
    947.40    465.90
    971.80    465.90
    902.08    551.66
    924.39    552.35
    946.00    553.05
    948.79    552.35
    971.80    552.35
    899.98    626.96
    922.30    627.65
    946.70    627.65
    969.71    628.35
    851.88    699.47
    874.88    700.17
    897.89    700.86
    920.90    701.56
    944.61    700.86
    968.31    701.56
   1015.03    642.99
   1570.02    564.90
   1594.43    565.60
   1618.13    566.30
   1641.14    690.41
   1664.85    691.10
   1688.55    690.41
   1444.52    766.40
   1468.23    767.10
   1568.63    768.50
   1593.73    767.80
   1617.44    767.80
   1641.14    767.80
   1663.45    767.80
   1687.86    769.19
   1734.57    854.95
   1733.87    884.24


